           1          38  0.38961492478847504     
           1          51  0.79907380044460297     
           1          60  0.44240951538085938     
           1          65  0.25078698992729187     
           1          73  0.98719991743564606     
           1         100   9.2155877500772476E-002
           2          36  0.11064879596233368     
           2          37  0.39477020502090454     
           2          94  0.70609711110591888     
           2         111   7.8252376988530159E-002
           2         121   7.5209978967905045E-002
           3           3  0.31451694667339325     
           3          15  0.41255887597799301     
           3          50  0.11030965484678745     
           3          55  0.93818910419940948     
           3          57  0.34330647438764572     
           3          65  0.41504941880702972     
           3          92   2.6372580323368311E-002
           3          93  0.82731805741786957     
           3          94  0.95106668770313263     
           4          19  0.90326353907585144     
           4          47  0.79934783279895782     
           5           5  0.92650726437568665     
           5          20  0.86645595729351044     
           5          22  0.34375678747892380     
           5          28  0.95700263977050781     
           5          47  0.76057784259319305     
           5          69  0.39917312562465668     
           5          71  0.45610118657350540     
           5          98   8.7340073660016060E-002
           6          11  0.97846269607543945     
           6          12  0.33063974231481552     
           6          46  0.17999062314629555     
           6          68   6.2518417835235596E-002
           6         115  0.83930574357509613     
           6         117  0.85349336266517639     
           7          11  0.95252789556980133     
           7          61  0.68042263388633728     
           7          64  0.12775070033967495     
           7          75  0.60212567448616028     
           7          76  0.14424089342355728     
           7          78  0.47330856323242188     
           7          81   5.7435776107013226E-002
           7         122  0.31527314335107803     
           7         124  0.94187892973423004     
           7         125  0.24366483092308044     
           8          24   2.9441940132528543E-002
           8          27  0.84878198802471161     
           8          88  0.43427109718322754     
           8         123  0.88310465216636658     
           9          33  0.46995867043733597     
           9          46  0.51091313362121582     
           9          60  0.98241373896598816     
           9          76  0.12310861609876156     
           9         118  0.13569677248597145     
          10          22  0.31435586512088776     
          10          51  0.35374823957681656     
          10          66  0.89818112552165985     
          10          80   3.5679279826581478E-002
          10          90  0.40755167603492737     
          10          98  0.61024997383356094     
          10         105  0.93344718217849731     
          10         112  0.62820971012115479     
          11          23  0.29394155368208885     
          11          49  0.95201648771762848     
          11          68  0.42103145271539688     
          11          72  0.75243420898914337     
          11          83  0.42906645685434341     
          11          91  0.45782949775457382     
          11         102  0.92764608561992645     
          11         103  0.88622339069843292     
          11         106  0.49746759235858917     
          12          15  0.77922075986862183     
          12          21  0.56540563702583313     
          12          24  0.46718135476112366     
          12          30  0.79685986042022705     
          12          45  0.73887169361114502     
          12          50  0.73535963892936707     
          12          81  0.22336713969707489     
          12          95  0.38613077253103256     
          12         104  0.10986167937517166     
          12         105  0.51199253648519516     
          12         109  0.32518427819013596     
          13          44  0.95996968448162079     
          13         101  0.44409941881895065     
          13         124  0.56733317673206329     
          14          30  0.31854495406150818     
          14          61  0.46761300414800644     
          14          66  0.64381055533885956     
          14          67  0.62484391033649445     
          14          81  0.85560455918312073     
          14         125  0.71433402597904205     
          15          42  0.66055633127689362     
          15          58   1.1912159388884902E-002
          15          88  0.75327739119529724     
          15          92  0.55622588843107224     
          15         114  0.21180683746933937     
          15         115  0.93210496008396149     
          15         125  0.52935820072889328     
          16          72  0.58668363839387894     
          16          98  0.44847391545772552     
          17          21  0.74447996914386749     
          17          46  0.39268329739570618     
          17          81  0.59079084545373917     
          17          99  0.91205671429634094     
          17         106   4.7822617925703526E-002
          18          56  0.94604343175888062     
          18          65  0.35332851111888885     
          18          73  0.69074124097824097     
          18          98  0.33753015100955963     
          18         102  0.70980638265609741     
          18         118  0.15644421800971031     
          19          31  0.14380313456058502     
          19          47  0.26973607018589973     
          19          49  0.34945871680974960     
          19         104  0.83815105259418488     
          19         105  0.79646296799182892     
          19         111  0.64918152987957001     
          20          22  0.71058571338653564     
          20          23  0.95639444887638092     
          20          39   5.8044157922267914E-002
          20          70  0.56464068591594696     
          20          89  0.80952979624271393     
          20          92  0.86676672101020813     
          20         112  0.37373557686805725     
          20         119  0.23634552955627441     
          21          33  0.90258084237575531     
          21          70  0.88031776249408722     
          21          96  0.95922000706195831     
          22          25  0.28618363663554192     
          22          29  0.92172689735889435     
          22          31  0.23572992533445358     
          22          68  0.14003087766468525     
          22         104  0.22590352222323418     
          23          24  0.22688876837491989     
          23          35  0.29870733618736267     
          23          37   7.5954277999699116E-002
          23          43  0.79277858138084412     
          23          44  0.23554274812340736     
          23          60  0.65734580159187317     
          23          82  0.27335645630955696     
          23          91  0.97483448684215546     
          24         106  0.67363619804382324     
          24         114  0.50413936376571655     
          25          65  0.48154935240745544     
          25          67  0.50978686660528183     
          26          26  0.50818700343370438     
          26          66  0.25745298713445663     
          26          71  0.96342660486698151     
          26         103  0.24235775694251060     
          26         110  0.57791575789451599     
          27          30  0.85746616125106812     
          27          31   4.7000716440379620E-002
          27          33  0.74949316680431366     
          27          34  0.74345700442790985     
          27          38   5.5524217896163464E-002
          27          50   8.1027799751609564E-003
          27          67  0.47729335725307465     
          27          91  0.93497619032859802     
          27         114  0.64864158630371094     
          28          32  0.64020089805126190     
          28          72  0.68441584706306458     
          28         112  0.72619162499904633     
          29          33  0.41200581938028336     
          29          73  0.91199547052383423     
          29         102  0.12355885468423367     
          30          49  0.20509500056505203     
          30          55  0.24819640442728996     
          30          86  0.34378476440906525     
          30          88  0.32818380743265152     
          30         109  0.69258309900760651     
          30         119  0.41162759065628052     
          30         125  0.82793600857257843     
          31          59  0.90492375195026398     
          31          93   5.0232098437845707E-002
          31         104  0.55664207786321640     
          31         108  0.69332979619503021     
          32          49  0.70657417178153992     
          32          62  0.36778837442398071     
          32          75  0.84629453718662262     
          32          83  0.42528357356786728     
          32         105  0.30478205531835556     
          32         120  0.52248965948820114     
          32         121  0.56256141513586044     
          33          63  0.38848794996738434     
          33          90  0.55927261710166931     
          33         105  0.10463413782417774     
          33         114  0.72395384311676025     
          33         119   5.0752800889313221E-002
          34          44   5.5000199936330318E-002
          34          50  0.54945357143878937     
          34          60  0.56883133947849274     
          34          68   4.9633937887847424E-002
          34          83  0.81347472965717316     
          35          49  0.64569868147373199     
          35          57  0.28435528278350830     
          35         110  0.87551616132259369     
          35         121  0.57171031832695007     
          36         110  0.43095991015434265     
          37          61  0.68591535091400146     
          37          69   3.8327740039676428E-002
          37          82  0.81907518208026886     
          37          98  0.17019964754581451     
          37         104  0.33535346388816833     
          38          73  0.40077846497297287     
          38          96  0.36141745746135712     
          38         102  0.96699565649032593     
          38         109  0.46049278229475021     
          39          41  0.50323575735092163     
          39          47  0.51465991884469986     
          39          53  0.42315814644098282     
          39          77   3.7334680091589689E-002
          39         111  0.52194152027368546     
          39         117   1.4805499231442809E-002
          39         118   3.6009019240736961E-002
          40          77  0.88770136237144470     
          40          84  0.63326515257358551     
          40         101  0.90672306716442108     
          40         116   7.2103395359590650E-003
          41          42  0.83639331161975861     
          41          79  0.60893870890140533     
          41         112  0.37161812186241150     
          41         121  0.96055909991264343     
          42          43  0.76655410230159760     
          42          44  0.57825047522783279     
          42          53  0.54370071738958359     
          42          64  0.22438813000917435     
          42          73  0.42461015284061432     
          43          53  0.74755243957042694     
          43          60  0.28177680447697639     
          43          62  0.86881108582019806     
          43          67  0.87907731533050537     
          44          71  0.41436161845922470     
          44          73  0.74154846370220184     
          44          75  0.84274299442768097     
          44          81  0.38647908717393875     
          44          99  0.82772597670555115     
          44         111  0.68135991692543030     
          45          57  0.60266807675361633     
          45          62  0.78439064323902130     
          45          99  0.32346192747354507     
          45         124  0.22596336901187897     
          46          52  0.77889338135719299     
          46          62  0.90792901813983917     
          46         104  0.78976571559906006     
          46         112  0.80601014196872711     
          47          59  0.86902059614658356     
          47         101  0.90760171413421631     
          47         115   1.9478299655020237E-002
          48          56  0.47388765960931778     
          48          58  0.15997773036360741     
          48          99  0.69916248321533203     
          48         122  0.77602371573448181     
          49          66  0.41786275804042816     
          49          81  0.24819111451506615     
          50          80  0.36536615341901779     
          50          93  0.52490085363388062     
          50         105  0.73425933718681335     
          50         123  0.37802182137966156     
          51          96  0.49329530447721481     
          51         110  0.75141906738281250     
          51         117  0.30835499987006187     
          52          59  0.23123200982809067     
          52          69  0.80381728708744049     
          52          88  0.15658864751458168     
          52         103  0.66063120961189270     
          53          92  0.72058930993080139     
          54          60  0.24448202922940254     
          54          71  0.49725223332643509     
          54          83  0.20803092047572136     
          54         100  0.58332141488790512     
          55          74  0.25701588019728661     
          55          75  0.85987403988838196     
          55          85  0.41735913604497910     
          55         100  0.55356159806251526     
          55         115  0.75462266802787781     
          56          77   4.6807699836790562E-002
          56         111  0.71418009698390961     
          56         113  0.17717732116580009     
          56         125  0.17386157065629959     
          57          81  0.98909579217433929     
          57         112  0.67941300570964813     
          58          60  0.41255362331867218     
          58          68  0.30968276783823967     
          58          79  0.77930822968482971     
          58          81  0.43489560484886169     
          58         120  0.17536250874400139     
          60          68   3.8053598254919052E-002
          60          74  0.53016830235719681     
          60          76  0.15229043550789356     
          60          78  0.16170751303434372     
          60          99  0.71339853107929230     
          60         105  0.73161795735359192     
          60         109  0.68038880825042725     
          61          90  0.96869692206382751     
          61         111  0.63323907554149628     
          62          66  0.89537486433982849     
          62          75  0.26865059509873390     
          62          79  0.54503079503774643     
          62          87  0.88575668632984161     
          62         109  0.32423961907625198     
          63          67  0.64586922526359558     
          63          73  0.24410406127572060     
          63          82  0.90330109000205994     
          63          95  0.77552162110805511     
          63         104  0.18480412662029266     
          63         112  0.91515578329563141     
          63         113  0.99465869367122650     
          64          66   5.9299916028976440E-002
          64          92  0.44241543859243393     
          65          66  0.14778121374547482     
          65          74  0.71612641215324402     
          65         108  0.83123005926609039     
          66          74  0.23690497502684593     
          66          83  0.95966383814811707     
          66         107  0.19219458103179932     
          66         111  0.11956947855651379     
          67          72  0.99047340452671051     
          67          82  0.22107189521193504     
          67         104   8.7939156219363213E-002
          67         107  0.38983415812253952     
          69          71  0.11407239362597466     
          69         115  0.54871197789907455     
          69         124   3.3312158193439245E-002
          70         113  0.87659969925880432     
          70         122  0.59018969535827637     
          70         125   8.6897434666752815E-002
          71          81  0.87704218924045563     
          71          83  0.45930869877338409     
          72          89  0.24931887164711952     
          72          90  0.59931501746177673     
          72          94  0.19417105242609978     
          73         109   6.6263796761631966E-002
          73         120   8.9074121788144112E-002
          74          96  0.63389845192432404     
          74         106  0.58413557708263397     
          74         118  0.16888041049242020     
          74         123  0.33594865351915359     
          75          82  0.46436790376901627     
          75         104  0.36170877516269684     
          75         113  0.58045767247676849     
          76          92  0.13074511662125587     
          76         102  0.44682845473289490     
          76         107  0.84791459143161774     
          77          84  0.37605948746204376     
          77          85  0.58891158550977707     
          77          95  0.13879220001399517     
          77         104   1.1812999146059155E-002
          77         106  0.57166866958141327     
          77         108   7.0769018493592739E-002
          79          88  0.61013136059045792     
          79          93  0.25129308924078941     
          79          95  0.96107438206672668     
          79         122  0.64364507794380188     
          80          81   8.2895914092659950E-002
          80          89  0.41101768612861633     
          81          90  0.39168342947959900     
          81         105  0.94131037592887878     
          81         107   5.0616398220881820E-003
          82          86  0.86422137916088104     
          82          89  0.62561653554439545     
          82          93  0.98262459039688110     
          82          99  0.48316378146409988     
          82         122  0.22220851853489876     
          83          85   3.7496800068765879E-002
          83          96   6.4871539361774921E-002
          84          84   1.1231319513171911E-002
          84         107  0.55096905678510666     
          84         116   7.9452795907855034E-002
          84         118  0.27432123199105263     
          86          93  0.81764027476310730     
          87         111  0.80713607370853424     
          87         119  0.64052321016788483     
          87         125  0.42512815445661545     
          88         115  0.65490692853927612     
          89         103  0.95573306083679199     
          89         111  0.69853775203227997     
          90         111  0.12434303760528564     
          90         114  0.85117429494857788     
          91         106  0.60711726546287537     
          93         112  0.75084552168846130     
          93         124  0.60595162212848663     
          94         110  0.82339383661746979     
          94         124  0.63334740698337555     
          95         101  0.54245080798864365     
          95         103  0.36435004323720932     
          96         103  0.23932265117764473     
          97         116  0.38909375667572021     
          98         103  0.71834303438663483     
          98         116  0.52020795643329620     
          98         119  0.19476434215903282     
          99         105  0.61616294085979462     
          99         116  0.19432939589023590     
         101         113  0.88550478219985962     
         101         125  0.51478926092386246     
         104         113  0.87258674204349518     
         105         108  0.34789599478244781     
         105         111  0.77394701540470123     
         106         123  0.41739564388990402     
         107         121  0.75549460947513580     
         110         113  0.22562606260180473     
         110         121  0.40009085088968277     
         115         120  0.27009882032871246     
         116         122  0.26302102953195572     
