           1          38  0.19480746239423752     
           1          40  0.87698332965373993     
           1          51  0.39953690022230148     
           1          60  0.22120475769042969     
           1          65  0.12539349496364594     
           1          68  0.55969543755054474     
           1          72  0.93546792864799500     
           1          73  0.49359995871782303     
           1          97  0.68406037986278534     
           1         100   4.6077938750386238E-002
           1         106  0.69946423172950745     
           2           8  0.67027017474174500     
           2          13  0.50207909196615219     
           2          36   5.5324397981166840E-002
           2          37  0.19738510251045227     
           2          52  0.95226205885410309     
           2          94  0.35304855555295944     
           2         111   3.9126188494265079E-002
           2         113  0.66918380558490753     
           2         121   3.7604989483952522E-002
           3           3  0.15725847333669662     
           3           9  0.88027887046337128     
           3          15  0.20627943798899651     
           3          40  0.92432267963886261     
           3          45  0.68569369614124298     
           3          50   5.5154827423393726E-002
           3          55  0.46909455209970474     
           3          57  0.17165323719382286     
           3          62  0.91472037136554718     
           3          65  0.20752470940351486     
           3          83  0.78350767493247986     
           3          86  0.95269307494163513     
           3          92   1.3186290161684155E-002
           3          93  0.41365902870893478     
           3          94  0.47553334385156631     
           3         117  0.50106130540370941     
           4          11  0.99947839975357056     
           4          19  0.45163176953792572     
           4          47  0.39967391639947891     
           4          49  0.79726807773113251     
           4          53  0.87485715746879578     
           4          72  0.81756927073001862     
           4         119  0.85869655013084412     
           4         124  0.88312856853008270     
           5           5  0.46325363218784332     
           5          16  0.60833949595689774     
           5          20  0.43322797864675522     
           5          22  0.17187839373946190     
           5          28  0.47850131988525391     
           5          37  0.57432614266872406     
           5          47  0.38028892129659653     
           5          64  0.96587531268596649     
           5          69  0.19958656281232834     
           5          71  0.22805059328675270     
           5          75  0.53076013922691345     
           5          98   4.3670036830008030E-002
           5         120  0.84227040410041809     
           6          11  0.48923134803771973     
           6          12  0.16531987115740776     
           6          17  0.56180175393819809     
           6          19  0.79059436917304993     
           6          28  0.60475230216979980     
           6          29  0.89324519038200378     
           6          46   8.9995311573147774E-002
           6          65  0.68495295941829681     
           6          68   3.1259208917617798E-002
           6          71  0.65100841224193573     
           6          85  0.80363065004348755     
           6          94  0.54609503597021103     
           6         113  0.50720758736133575     
           6         115  0.41965287178754807     
           6         117  0.42674668133258820     
           7          11  0.47626394778490067     
           7          33  0.98945923149585724     
           7          61  0.34021131694316864     
           7          64   6.3875350169837475E-002
           7          75  0.30106283724308014     
           7          76   7.2120446711778641E-002
           7          78  0.23665428161621094     
           7          79  0.82873225212097168     
           7          81   2.8717888053506613E-002
           7          83  0.51084071397781372     
           7          88  0.92558391392230988     
           7          91  0.78908763825893402     
           7         106  0.99463887512683868     
           7         122  0.15763657167553902     
           7         124  0.47093946486711502     
           7         125  0.12183241546154022     
           8          24   1.4720970066264272E-002
           8          27  0.42439099401235580     
           8          28  0.63145108520984650     
           8          88  0.21713554859161377     
           8          91  0.82057021558284760     
           8         106  0.56835193186998367     
           8         121  0.98012715578079224     
           8         123  0.44155232608318329     
           9          21  0.68093530833721161     
           9          33  0.23497933521866798     
           9          44  0.93954376876354218     
           9          46  0.25545656681060791     
           9          52  0.61938103288412094     
           9          60  0.49120686948299408     
           9          76   6.1554308049380779E-002
           9         108  0.70781439542770386     
           9         118   6.7848386242985725E-002
           9         124  0.69974526762962341     
          10          22  0.15717793256044388     
          10          33  0.73433957993984222     
          10          35  0.65286643803119659     
          10          36  0.97509928047657013     
          10          51  0.17687411978840828     
          10          66  0.44909056276082993     
          10          80   1.7839639913290739E-002
          10          90  0.20377583801746368     
          10          98  0.30512498691678047     
          10          99  0.83891831338405609     
          10         105  0.46672359108924866     
          10         112  0.31410485506057739     
          11          11  0.66276207566261292     
          11          23  0.14697077684104443     
          11          49  0.47600824385881424     
          11          62  0.87781839072704315     
          11          68  0.21051572635769844     
          11          72  0.37621710449457169     
          11          83  0.21453322842717171     
          11          91  0.22891474887728691     
          11         102  0.46382304280996323     
          11         103  0.44311169534921646     
          11         104  0.65213859081268311     
          11         106  0.24873379617929459     
          11         108  0.64315296709537506     
          12          15  0.38961037993431091     
          12          21  0.28270281851291656     
          12          24  0.23359067738056183     
          12          30  0.39842993021011353     
          12          41  0.70170462131500244     
          12          45  0.36943584680557251     
          12          48  0.79892508685588837     
          12          50  0.36767981946468353     
          12          66  0.87283514440059662     
          12          68  0.98457135260105133     
          12          73  0.60791350901126862     
          12          76  0.59489987790584564     
          12          81  0.11168356984853745     
          12          95  0.19306538626551628     
          12         104   5.4930839687585831E-002
          12         105  0.25599626824259758     
          12         109  0.16259213909506798     
          12         118  0.76464518904685974     
          13          15  0.55298268795013428     
          13          19  0.91017410159111023     
          13          23  0.84471262991428375     
          13          40  0.52298445254564285     
          13          44  0.47998484224081039     
          13          85  0.97852170467376709     
          13          98  0.67974984645843506     
          13         101  0.22204970940947533     
          13         113  0.81518366932868958     
          13         121  0.86900144815444946     
          13         124  0.28366658836603165     
          14          21  0.77821746468544006     
          14          23  0.61793651431798935     
          14          29  0.92597693204879761     
          14          30  0.15927247703075409     
          14          31  0.59441480785608292     
          14          38  0.72718709707260132     
          14          47  0.53168792277574539     
          14          61  0.23380650207400322     
          14          65  0.55813957005739212     
          14          66  0.32190527766942978     
          14          67  0.31242195516824722     
          14          81  0.42780227959156036     
          14         115  0.76880738139152527     
          14         116  0.79517953097820282     
          14         125  0.35716701298952103     
          15          23  0.62044739723205566     
          15          28  0.65749458968639374     
          15          41  0.60834437608718872     
          15          42  0.33027816563844681     
          15          58   5.9560796944424510E-003
          15          67  0.60543857514858246     
          15          80  0.66675841808319092     
          15          88  0.37663869559764862     
          15          92  0.27811294421553612     
          15         102  0.88119626045227051     
          15         114  0.10590341873466969     
          15         115  0.46605248004198074     
          15         118  0.57884581387042999     
          15         125  0.26467910036444664     
          16          34  0.84545679390430450     
          16          36  0.89915893971920013     
          16          70  0.65440647304058075     
          16          72  0.29334181919693947     
          16          98  0.22423695772886276     
          16         117  0.84970287978649139     
          17          21  0.37223998457193375     
          17          43  0.91454602777957916     
          17          46  0.19634164869785309     
          17          66  0.57093959301710129     
          17          81  0.29539542272686958     
          17          99  0.45602835714817047     
          17         100  0.80420427024364471     
          17         104  0.57023040950298309     
          17         106   2.3911308962851763E-002
          17         112  0.92505834996700287     
          17         121  0.91550990939140320     
          17         125  0.95178045332431793     
          18          43  0.92966854572296143     
          18          56  0.47302171587944031     
          18          65  0.17666425555944443     
          18          73  0.34537062048912048     
          18          74  0.76090350747108459     
          18          98  0.16876507550477982     
          18         102  0.35490319132804871     
          18         118   7.8222109004855156E-002
          18         125  0.94909779727458954     
          19          20  0.88964879512786865     
          19          21  0.66917225718498230     
          19          31   7.1901567280292511E-002
          19          33  0.76332136988639832     
          19          36  0.64360775053501129     
          19          44  0.86354911327362061     
          19          47  0.13486803509294987     
          19          49  0.17472935840487480     
          19          73  0.77436849474906921     
          19          74  0.87642870843410492     
          19          83  0.82615166902542114     
          19          94  0.66611915826797485     
          19          95  0.91535389423370361     
          19         101  0.70837721228599548     
          19         103  0.68215638399124146     
          19         104  0.41907552629709244     
          19         105  0.39823148399591446     
          19         109  0.59138853102922440     
          19         111  0.32459076493978500     
          20          22  0.35529285669326782     
          20          23  0.47819722443819046     
          20          39   2.9022078961133957E-002
          20          53  0.98801247775554657     
          20          68  0.96085168421268463     
          20          70  0.28232034295797348     
          20          86  0.99294781684875488     
          20          88  0.85022434592247009     
          20          89  0.40476489812135696     
          20          92  0.43338336050510406     
          20         111  0.84758125245571136     
          20         112  0.18686778843402863     
          20         119  0.11817276477813721     
          21          33  0.45129042118787766     
          21          38  0.73205158114433289     
          21          70  0.44015888124704361     
          21          72  0.77625155448913574     
          21          88  0.50684902817010880     
          21          91  0.91519691050052643     
          21          94  0.98221883177757263     
          21          96  0.47961000353097916     
          22          25  0.14309181831777096     
          22          29  0.46086344867944717     
          22          31  0.11786496266722679     
          22          50  0.93095473945140839     
          22          68   7.0015438832342625E-002
          22         104  0.11295176111161709     
          22         118  0.97161293029785156     
          23          24  0.11344438418745995     
          23          28  0.88680431246757507     
          23          35  0.14935366809368134     
          23          37   3.7977138999849558E-002
          23          38  0.75056761503219604     
          23          40  0.68934127688407898     
          23          43  0.39638929069042206     
          23          44  0.11777137406170368     
          23          48  0.90414553880691528     
          23          60  0.32867290079593658     
          23          65  0.55250398814678192     
          23          82  0.13667822815477848     
          23          91  0.48741724342107773     
          23         100  0.79684324562549591     
          23         105  0.99429875612258911     
          24          51  0.84932118654251099     
          24          75  0.99846489727497101     
          24          82  0.51250301301479340     
          24          96  0.78451938927173615     
          24         106  0.33681809902191162     
          24         114  0.25206968188285828     
          25          29  0.66164679825305939     
          25          33  0.77552132308483124     
          25          37  0.77093355357646942     
          25          65  0.24077467620372772     
          25          67  0.25489343330264091     
          26          26  0.25409350171685219     
          26          31  0.59007342904806137     
          26          41  0.69186612963676453     
          26          52  0.69643735885620117     
          26          57  0.63993498682975769     
          26          65  0.78448027372360229     
          26          66  0.12872649356722832     
          26          71  0.48171330243349075     
          26         103  0.12117887847125530     
          26         110  0.28895787894725800     
          27          30  0.42873308062553406     
          27          31   2.3500358220189810E-002
          27          33  0.37474658340215683     
          27          34  0.37172850221395493     
          27          36  0.70613481104373932     
          27          38   2.7762108948081732E-002
          27          39  0.96781022846698761     
          27          40  0.84960892796516418     
          27          43  0.89871630072593689     
          27          50   4.0513899875804782E-003
          27          52  0.62722362577915192     
          27          67  0.23864667862653732     
          27          91  0.46748809516429901     
          27         114  0.32432079315185547     
          28          32  0.32010044902563095     
          28          33  0.76606094837188721     
          28          34  0.55066302418708801     
          28          36  0.54668713361024857     
          28          65  0.84748573601245880     
          28          72  0.34220792353153229     
          28         105  0.67212082445621490     
          28         110  0.74011243879795074     
          28         112  0.36309581249952316     
          28         116  0.90793490409851074     
          29          33  0.20600290969014168     
          29          35  0.52108220756053925     
          29          45  0.96110552549362183     
          29          73  0.45599773526191711     
          29          77  0.76517835259437561     
          29          89  0.68900443613529205     
          29          92  0.85003890097141266     
          29          94  0.58781713247299194     
          29         102   6.1779427342116833E-002
          30          41  0.68320490419864655     
          30          49  0.10254750028252602     
          30          53  0.72299875319004059     
          30          55  0.12409820221364498     
          30          86  0.17189238220453262     
          30          88  0.16409190371632576     
          30          96  0.78096084296703339     
          30         109  0.34629154950380325     
          30         119  0.20581379532814026     
          30         121  0.64503878355026245     
          30         125  0.41396800428628922     
          31          37  0.61955958604812622     
          31          40  0.75151905417442322     
          31          59  0.45246187597513199     
          31          80  0.72964549064636230     
          31          93   2.5116049218922853E-002
          31         102  0.63517950475215912     
          31         104  0.27832103893160820     
          31         108  0.34666489809751511     
          31         118  0.78714609146118164     
          31         123  0.58247935026884079     
          32          35  0.67081674933433533     
          32          37  0.73862798511981964     
          32          49  0.35328708589076996     
          32          62  0.18389418721199036     
          32          75  0.42314726859331131     
          32          80  0.75856797397136688     
          32          83  0.21264178678393364     
          32          98  0.76192229986190796     
          32         105  0.15239102765917778     
          32         120  0.26124482974410057     
          32         121  0.28128070756793022     
          33          59  0.64161323010921478     
          33          63  0.19424397498369217     
          33          88  0.83376720547676086     
          33          90  0.27963630855083466     
          33          96  0.51438823342323303     
          33         105   5.2317068912088871E-002
          33         114  0.36197692155838013     
          33         119   2.5376400444656610E-002
          34          38  0.50702057778835297     
          34          44   2.7500099968165159E-002
          34          50  0.27472678571939468     
          34          51  0.80839082598686218     
          34          53  0.98706744611263275     
          34          60  0.28441566973924637     
          34          63  0.77209100127220154     
          34          66  0.62621816992759705     
          34          68   2.4816968943923712E-002
          34          72  0.57547859847545624     
          34          81  0.93378424644470215     
          34          83  0.40673736482858658     
          34         115  0.96505470573902130     
          35          46  0.61619751155376434     
          35          49  0.32284934073686600     
          35          57  0.14217764139175415     
          35         107  0.91010704636573792     
          35         110  0.43775808066129684     
          35         116  0.96269525587558746     
          35         121  0.28585515916347504     
          35         125  0.81670291721820831     
          36          37  0.62208984047174454     
          36          40  0.94483554363250732     
          36          41  0.74162594974040985     
          36          58  0.78631743788719177     
          36          59  0.86419239640235901     
          36          65  0.55379714816808701     
          36          78  0.79745218157768250     
          36          82  0.61475679278373718     
          36          88  0.67971184849739075     
          36         108  0.66816411912441254     
          36         110  0.21547995507717133     
          36         111  0.93463018536567688     
          36         115  0.64143307507038116     
          36         123  0.77140510082244873     
          37          58  0.82857348024845123     
          37          61  0.34295767545700073     
          37          67  0.71414873003959656     
          37          69   1.9163870019838214E-002
          37          82  0.40953759104013443     
          37          98   8.5099823772907257E-002
          37         104  0.16767673194408417     
          37         117  0.99589377641677856     
          37         122  0.62904886901378632     
          37         123  0.93713380396366119     
          38          53  0.63660696148872375     
          38          73  0.20038923248648643     
          38          74  0.78063614666461945     
          38          88  0.94659984111785889     
          38          96  0.18070872873067856     
          38         102  0.48349782824516296     
          38         109  0.23024639114737511     
          38         121  0.78794680535793304     
          39          41  0.25161787867546082     
          39          44  0.96396483480930328     
          39          47  0.25732995942234993     
          39          49  0.99702492356300354     
          39          53  0.21157907322049141     
          39          77   1.8667340045794845E-002
          39          82  0.76775349676609039     
          39         111  0.26097076013684273     
          39         117   7.4027496157214046E-003
          39         118   1.8004509620368481E-002
          40          46  0.89721217751502991     
          40          64  0.84698483347892761     
          40          74  0.52487961947917938     
          40          77  0.44385068118572235     
          40          84  0.31663257628679276     
          40          90  0.83850912749767303     
          40         101  0.45336153358221054     
          40         110  0.59378556907176971     
          40         116   3.6051697679795325E-003
          41          42  0.41819665580987930     
          41          79  0.30446935445070267     
          41          83  0.96521615982055664     
          41         106  0.94565540552139282     
          41         112  0.18580906093120575     
          41         121  0.48027954995632172     
          42          43  0.38327705115079880     
          42          44  0.28912523761391640     
          42          53  0.27185035869479179     
          42          58  0.99227786064147949     
          42          64  0.11219406500458717     
          42          73  0.21230507642030716     
          42          77  0.67380502820014954     
          42          79  0.53492091596126556     
          42          99  0.74624471366405487     
          42         110  0.80229587852954865     
          43          53  0.37377621978521347     
          43          55  0.68986244499683380     
          43          60  0.14088840223848820     
          43          62  0.43440554291009903     
          43          66  0.95374725759029388     
          43          67  0.43953865766525269     
          43          78  0.90500764548778534     
          43         104  0.85597731173038483     
          43         111  0.68471983075141907     
          43         117  0.69677941501140594     
          44          44  0.83523452281951904     
          44          59  0.79873152077198029     
          44          71  0.20718080922961235     
          44          73  0.37077423185110092     
          44          75  0.42137149721384048     
          44          81  0.19323954358696938     
          44          99  0.41386298835277557     
          44         109  0.74155889451503754     
          44         111  0.34067995846271515     
          44         113  0.80990158021450043     
          45          57  0.30133403837680817     
          45          62  0.39219532161951065     
          45          68  0.69258049130439758     
          45          70  0.82250431180000305     
          45          76  0.62186259776353836     
          45          79  0.51840148866176605     
          45          99  0.16173096373677254     
          45         123  0.53084950894117355     
          45         124  0.11298168450593948     
          46          52  0.38944669067859650     
          46          55  0.94525046646595001     
          46          62  0.45396450906991959     
          46          80  0.95467314124107361     
          46          99  0.86550951004028320     
          46         104  0.39488285779953003     
          46         112  0.40300507098436356     
          46         123  0.51072023808956146     
          47          59  0.43451029807329178     
          47          62  0.98146416246891022     
          47          66  0.67612178623676300     
          47          72  0.52646934986114502     
          47          73  0.81976473331451416     
          47          81  0.81552460789680481     
          47         101  0.45380085706710815     
          47         112  0.73553577065467834     
          47         115   9.7391498275101185E-003
          48          54  0.85583083331584930     
          48          56  0.23694382980465889     
          48          57  0.78229583799839020     
          48          58   7.9988865181803703E-002
          48          62  0.68976171314716339     
          48          99  0.34958124160766602     
          48         120  0.95532104372978210     
          48         122  0.38801185786724091     
          49          66  0.20893137902021408     
          49          81  0.12409555725753307     
          49          95  0.82988932728767395     
          50          50  0.90303003787994385     
          50          80  0.18268307670950890     
          50          81  0.53590036928653717     
          50          88  0.87665662169456482     
          50          93  0.26245042681694031     
          50         105  0.36712966859340668     
          50         123  0.18901091068983078     
          51          67  0.88865779340267181     
          51          96  0.24664765223860741     
          51         101  0.60978718101978302     
          51         104  0.74328109622001648     
          51         110  0.37570953369140625     
          51         117  0.15417749993503094     
          52          59  0.11561600491404533     
          52          69  0.40190864354372025     
          52          88   7.8294323757290840E-002
          52          90  0.89963681995868683     
          52         103  0.33031560480594635     
          52         120  0.59114500880241394     
          52         124  0.92500261962413788     
          53          68  0.80623738467693329     
          53          92  0.36029465496540070     
          53          97  0.73169916868209839     
          53          98  0.56288782507181168     
          53         101  0.77244251966476440     
          53         118  0.92403613030910492     
          53         122  0.52761636674404144     
          54          60  0.12224101461470127     
          54          71  0.24862611666321754     
          54          83  0.10401546023786068     
          54          84  0.65020151436328888     
          54          94  0.56040659546852112     
          54         100  0.29166070744395256     
          55          74  0.12850794009864330     
          55          75  0.42993701994419098     
          55          85  0.20867956802248955     
          55         100  0.27678079903125763     
          55         101  0.90755745768547058     
          55         106  0.52746862173080444     
          55         115  0.37731133401393890     
          55         119  0.81253722310066223     
          55         122  0.65840393304824829     
          56          64  0.67886233329772949     
          56          77   2.3403849918395281E-002
          56         104  0.94388976693153381     
          56         105  0.50335735082626343     
          56         111  0.35709004849195480     
          56         113   8.8588660582900047E-002
          56         115  0.67731380462646484     
          56         125   8.6930785328149796E-002
          57          64  0.72877831757068634     
          57          81  0.49454789608716965     
          57          82  0.98080359399318695     
          57         106  0.68419992923736572     
          57         112  0.33970650285482407     
          57         117  0.95830507576465607     
          57         123  0.61515640467405319     
          58          60  0.20627681165933609     
          58          68  0.15484138391911983     
          58          79  0.38965411484241486     
          58          81  0.21744780242443085     
          58         120   8.7681254372000694E-002
          59          59  0.68101957440376282     
          59          60  0.62523953616619110     
          59          63  0.58545581996440887     
          59          98  0.56735701858997345     
          59         113  0.79338304698467255     
          60          62  0.70337593555450439     
          60          68   1.9026799127459526E-002
          60          74  0.26508415117859840     
          60          76   7.6145217753946781E-002
          60          78   8.0853756517171860E-002
          60          79  0.79985812306404114     
          60          96  0.82351639866828918     
          60          99  0.35669926553964615     
          60         102  0.71252927184104919     
          60         105  0.36580897867679596     
          60         109  0.34019440412521362     
          61          78  0.53838815540075302     
          61          81  0.89719057083129883     
          61          90  0.48434846103191376     
          61          92  0.97186990082263947     
          61          95  0.64216747879981995     
          61         111  0.31661953777074814     
          62          66  0.44768743216991425     
          62          75  0.13432529754936695     
          62          79  0.27251539751887321     
          62          87  0.44287834316492081     
          62         109  0.16211980953812599     
          62         117  0.96126191318035126     
          63          67  0.32293461263179779     
          63          73  0.12205203063786030     
          63          82  0.45165054500102997     
          63          95  0.38776081055402756     
          63         104   9.2402063310146332E-002
          63         112  0.45757789164781570     
          63         113  0.49732934683561325     
          63         117  0.93536622822284698     
          64          66   2.9649958014488220E-002
          64          73  0.70897750556468964     
          64          92  0.22120771929621696     
          64         121  0.64622536301612854     
          64         124  0.71519941091537476     
          65          66   7.3890606872737408E-002
          65          74  0.35806320607662201     
          65          78  0.96786238253116608     
          65          93  0.52943836897611618     
          65         108  0.41561502963304520     
          65         112  0.57592917233705521     
          65         114  0.55919494479894638     
          65         118  0.91822981834411621     
          66          74  0.11845248751342297     
          66          76  0.59133399277925491     
          66          78  0.69106578826904297     
          66          83  0.47983191907405853     
          66         107   9.6097290515899658E-002
          66         111   5.9784739278256893E-002
          66         124  0.91536179184913635     
          67          72  0.49523670226335526     
          67          82  0.11053594760596752     
          67          92  0.52745826542377472     
          67          94  0.87735466659069061     
          67         104   4.3969578109681606E-002
          67         107  0.19491707906126976     
          67         113  0.53443390876054764     
          67         121  0.72746925055980682     
          68          75  0.96004143357276917     
          68          98  0.95478147268295288     
          68         100  0.91550491750240326     
          68         111  0.77080629765987396     
          69          71   5.7036196812987328E-002
          69          80  0.56918755173683167     
          69          82  0.85015945136547089     
          69         115  0.27435598894953728     
          69         118  0.61353452503681183     
          69         124   1.6656079096719623E-002
          70          85  0.91527245938777924     
          70          96  0.52728846669197083     
          70         109  0.86266875267028809     
          70         113  0.43829984962940216     
          70         122  0.29509484767913818     
          70         125   4.3448717333376408E-002
          71          81  0.43852109462022781     
          71          82  0.95488421618938446     
          71          83  0.22965434938669205     
          71         107  0.89548148214817047     
          71         111  0.50449479371309280     
          71         120  0.99279351532459259     
          71         122  0.81092752516269684     
          71         125  0.85740767419338226     
          72          89  0.12465943582355976     
          72          90  0.29965750873088837     
          72          94   9.7085526213049889E-002
          72          95  0.96339203417301178     
          73          74  0.65215580165386200     
          73          79  0.89437052607536316     
          73          99  0.60808859765529633     
          73         109   3.3131898380815983E-002
          73         120   4.4537060894072056E-002
          74          80  0.76052531599998474     
          74          96  0.31694922596216202     
          74         100  0.81321068108081818     
          74         106  0.29206778854131699     
          74         110  0.79260766506195068     
          74         118   8.4440205246210098E-002
          74         122  0.92897608876228333     
          74         123  0.16797432675957680     
          75          77  0.81661649048328400     
          75          78  0.94423018395900726     
          75          80  0.63235633075237274     
          75          82  0.23218395188450813     
          75          94  0.66277757287025452     
          75         104  0.18085438758134842     
          75         113  0.29022883623838425     
          76          92   6.5372558310627937E-002
          76         102  0.22341422736644745     
          76         106  0.79371206462383270     
          76         107  0.42395729571580887     
          76         119  0.83401419222354889     
          77          81  0.56105364114046097     
          77          84  0.18802974373102188     
          77          85  0.29445579275488853     
          77          91  0.95413438975811005     
          77          94  0.56901801377534866     
          77          95   6.9396100006997585E-002
          77         104   5.9064995730295777E-003
          77         106  0.28583433479070663     
          77         108   3.5384509246796370E-002
          77         120  0.76078675687313080     
          78         102  0.78651718795299530     
          78         112  0.82163669168949127     
          78         123  0.84916897118091583     
          79          88  0.30506568029522896     
          79          90  0.88421128690242767     
          79          93  0.12564654462039471     
          79          95  0.48053719103336334     
          79         106  0.83976104855537415     
          79         122  0.32182253897190094     
          80          81   4.1447957046329975E-002
          80          89  0.20550884306430817     
          80         114  0.85658550262451172     
          80         122  0.71505241096019745     
          80         124  0.73015779256820679     
          81          90  0.19584171473979950     
          81         101  0.99964298307895660     
          81         104  0.73511175811290741     
          81         105  0.47065518796443939     
          81         107   2.5308199110440910E-003
          81         115  0.85073031485080719     
          82          86  0.43211068958044052     
          82          89  0.31280826777219772     
          82          93  0.49131229519844055     
          82          99  0.24158189073204994     
          82         108  0.59024661779403687     
          82         122  0.11110425926744938     
          83          85   1.8748400034382939E-002
          83          96   3.2435769680887461E-002
          83          97  0.96347630023956299     
          83         113  0.82207620143890381     
          83         116  0.99984318017959595     
          83         117  0.62549635767936707     
          83         120  0.55781085044145584     
          84          84   5.6156597565859556E-003
          84         107  0.27548452839255333     
          84         116   3.9726397953927517E-002
          84         118  0.13716061599552631     
          85         119  0.61510387808084488     
          86          93  0.40882013738155365     
          86         104  0.77959105372428894     
          86         124  0.89762538671493530     
          87         111  0.40356803685426712     
          87         118  0.55140309035778046     
          87         119  0.32026160508394241     
          87         125  0.21256407722830772     
          88         115  0.32745346426963806     
          89         103  0.47786653041839600     
          89         104  0.75326286256313324     
          89         111  0.34926887601613998     
          90         101  0.69573268294334412     
          90         111   6.2171518802642822E-002
          90         114  0.42558714747428894     
          90         115  0.88447578251361847     
          91         103  0.97058594226837158     
          91         104  0.71884237229824066     
          91         106  0.30355863273143768     
          91         111  0.91359533369541168     
          92         106  0.71275949478149414     
          92         107  0.67177362740039825     
          92         125  0.74796192348003387     
          93         111  0.59387192130088806     
          93         112  0.37542276084423065     
          93         124  0.30297581106424332     
          94         110  0.41169691830873489     
          94         122  0.52212167531251907     
          94         124  0.31667370349168777     
          94         125  0.50504740327596664     
          95         101  0.27122540399432182     
          95         103  0.18217502161860466     
          95         112  0.99483326077461243     
          95         124  0.88964819908142090     
          95         125  0.85072226822376251     
          96          98  0.86334563791751862     
          96         103  0.11966132558882236     
          96         108  0.80987863242626190     
          96         109  0.52730988711118698     
          97         112  0.91643631458282471     
          97         116  0.19454687833786011     
          98         103  0.35917151719331741     
          98         116  0.26010397821664810     
          98         119   9.7382171079516411E-002
          99         102  0.56618276983499527     
          99         105  0.30808147042989731     
          99         116   9.7164697945117950E-002
         100         125  0.51190555095672607     
         101         109  0.66651724278926849     
         101         113  0.44275239109992981     
         101         125  0.25739463046193123     
         102         102  0.66132888197898865     
         103         121  0.80794565379619598     
         104         113  0.43629337102174759     
         104         120  0.82434982061386108     
         105         108  0.17394799739122391     
         105         111  0.38697350770235062     
         105         123  0.96933312714099884     
         106         107  0.86282908916473389     
         106         121  0.87374448776245117     
         106         123  0.20869782194495201     
         107         109  0.83623111248016357     
         107         111  0.66588595509529114     
         107         118  0.52985761314630508     
         107         121  0.37774730473756790     
         108         117  0.85480339825153351     
         108         122  0.72341807186603546     
         109         118  0.56428935378789902     
         110         113  0.11281303130090237     
         110         121  0.20004542544484138     
         112         121  0.88715016841888428     
         113         114  0.63963316380977631     
         115         120  0.13504941016435623     
         116         122  0.13151051476597786     
         117         123  0.74989922344684601     
         118         120  0.84456264972686768     
         121         121  0.85048891603946686     
         122         122  0.72859913110733032     
