  random matrices with different degrees of filling 
  please give a random fraction, between zero and 1
  random_fraction, scalefactor =   0.10000000000000001        10.000000000000000     
  please give the matrix dimension 
  matrix will have dimension           25  x           25
           1          25  0.27818031609058380     
           2          14  0.19480746239423752     
           2          16  0.87698332965373993     
           3           4  0.39953690022230148     
           3          13  0.22120475769042969     
           3          18  0.12539349496364594     
           3          21  0.55969543755054474     
           3          25  0.93546792864799500     
           4           4  0.49359995871782303     
           5           7  0.68406037986278534     
           5          10   4.6077938750386238E-002
           5          16  0.69946423172950745     
           6          22  0.67027017474174500     
           7           8  0.50207909196615219     
           8          13   5.5324397981166840E-002
           8          14  0.19738510251045227     
           9          12  0.95226205885410309     
          11          23  0.35304855555295944     
          13          13   3.9126188494265079E-002
          13          15  0.66918380558490753     
          13          23   3.7604989483952522E-002
          14          16  0.15725847333669662     
          14          22  0.88027887046337128     
          15          17  0.20627943798899651     
          17          23  0.92432267963886261     
          18          20  0.68569369614124298     
          18          25   5.5154827423393726E-002
          19          23  0.46909455209970474     
          19          25  0.17165323719382286     
          20          24  0.91472037136554718     
          21          22  0.20752470940351486     
