  random matrices with different degrees of filling 
  please give a random fraction, between zero and 1
  random_fraction, scalefactor =   0.25000000000000000        4.0000000000000000     
  please give the matrix dimension 
  matrix will have dimension           25  x           25
           1          15  0.43596848845481873     
           1          25  0.11127212643623352     
           2           6  0.71302735805511475     
           2           8  0.58881032466888428     
           2          13  0.80565381050109863     
           2          14   7.7922984957695007E-002
           2          16  0.35079333186149597     
           2          18  0.47106415033340454     
           2          21  0.63949143886566162     
           2          22  0.65458953380584717     
           2          24  0.98403429985046387     
           2          25  0.90568363666534424     
           3           4  0.15981476008892059     
           3           7  0.80109089612960815     
           3          13   8.8481903076171875E-002
           3          18   5.0157397985458374E-002
           3          21  0.22387817502021790     
           3          22  0.43463075160980225     
           3          25  0.37418717145919800     
           4           4  0.19743998348712921     
           4           7  0.62106025218963623     
           4          17  0.57600539922714233     
           4          23  0.58177560567855835     
           5           5  0.61975282430648804     
           5           7  0.27362415194511414     
           5           8  0.87438923120498657     
           5          10   1.8431175500154495E-002
           5          12  0.69521802663803101     
           5          16  0.27978569269180298     
           5          22  0.93633806705474854     
           6           8  0.56195944547653198     
           6          14  0.41619956493377686     
           6          15  0.75887632369995117     
           6          22  0.26810806989669800     
           7           8  0.20083163678646088     
           7           9  0.79303687810897827     
           7          15  0.83898639678955078     
           7          20  0.65373980998992920     
           8          13   2.2129759192466736E-002
           8          14   7.8954041004180908E-002
           8          19  0.88037514686584473     
           8          24  0.70570814609527588     
           9          12  0.38090482354164124     
           9          13  0.84845906496047974     
           9          23  0.76556313037872314     
          10          20  0.63099789619445801     
          10          25  0.44760644435882568     
          11          23  0.14121942222118378     
          11          24  0.55645823478698730     
          12          14  0.42601740360260010     
          12          20  0.69055169820785522     
          13          13   1.5650475397706032E-002
          13          15  0.26767352223396301     
          13          17  0.56696975231170654     
          13          19  0.44192007184028625     
          13          20  0.62434375286102295     
          13          23   1.5041995793581009E-002
          13          25  0.93460315465927124     
          14          16   6.2903389334678650E-002
          14          18  0.88509380817413330     
          14          22  0.35211154818534851     
          15          17   8.2511775195598602E-002
          16          18  0.60228174924850464     
          16          19  0.49355480074882507     
          16          22  0.54868793487548828     
          16          23  0.74696534872055054     
          17          23  0.36972907185554504     
          18          20  0.27427747845649719     
          18          22  0.88881206512451172     
          18          25   2.2061930969357491E-002
          19          20  0.76748514175415039     
          19          23  0.18763782083988190     
          19          25   6.8661294877529144E-002
          20          24  0.36588814854621887     
          21          22   8.3009883761405945E-002
          22          23  0.83728253841400146     
