           1          65  0.62696747481822968     
           1         100  0.23038969375193119     
           2          36  0.27662198990583420     
           2          37  0.98692551255226135     
           2         111  0.19563094247132540     
           2         121  0.18802494741976261     
           3           3  0.78629236668348312     
           3          50  0.27577413711696863     
           3          57  0.85826618596911430     
           3          92   6.5931450808420777E-002
           5          22  0.85939196869730949     
           5          69  0.99793281406164169     
           5          98  0.21835018415004015     
           6          12  0.82659935578703880     
           6          46  0.44997655786573887     
           6          68  0.15629604458808899     
           7          64  0.31937675084918737     
           7          76  0.36060223355889320     
           7          81  0.14358944026753306     
           7         122  0.78818285837769508     
           7         125  0.60916207730770111     
           8          24   7.3604850331321359E-002
           9          76  0.30777154024690390     
           9         118  0.33924193121492863     
          10          22  0.78588966280221939     
          10          51  0.88437059894204140     
          10          80   8.9198199566453695E-002
          11          23  0.73485388420522213     
          12          81  0.55841784924268723     
          12          95  0.96532693132758141     
          12         104  0.27465419843792915     
          12         109  0.81296069547533989     
          14          30  0.79636238515377045     
          15          58   2.9780398472212255E-002
          15         114  0.52951709367334843     
          17          46  0.98170824348926544     
          17         106  0.11955654481425881     
          18          65  0.88332127779722214     
          18          98  0.84382537752389908     
          18         118  0.39111054502427578     
          19          31  0.35950783640146255     
          19          47  0.67434017546474934     
          19          49  0.87364679202437401     
          20          39  0.14511039480566978     
          20         112  0.93433894217014313     
          20         119  0.59086382389068604     
          22          25  0.71545909158885479     
          22          31  0.58932481333613396     
          22          68  0.35007719416171312     
          22         104  0.56475880555808544     
          23          24  0.56722192093729973     
          23          35  0.74676834046840668     
          23          37  0.18988569499924779     
          23          44  0.58885687030851841     
          23          82  0.68339114077389240     
          26          66  0.64363246783614159     
          26         103  0.60589439235627651     
          27          31  0.11750179110094905     
          27          38  0.13881054474040866     
          27          50   2.0256949937902391E-002
          29         102  0.30889713671058416     
          30          49  0.51273750141263008     
          30          55  0.62049101106822491     
          30          86  0.85946191102266312     
          30          88  0.82045951858162880     
          31          93  0.12558024609461427     
          32          62  0.91947093605995178     
          32         105  0.76195513829588890     
          33          63  0.97121987491846085     
          33         105  0.26158534456044436     
          33         119  0.12688200222328305     
          34          44  0.13750049984082580     
          34          68  0.12408484471961856     
          35          57  0.71088820695877075     
          37          69   9.5819350099191070E-002
          37          98  0.42549911886453629     
          37         104  0.83838365972042084     
          38          96  0.90354364365339279     
          39          77   9.3336700228974223E-002
          39         117   3.7013748078607023E-002
          39         118   9.0022548101842403E-002
          40         116   1.8025848839897662E-002
          41         112  0.92904530465602875     
          42          64  0.56097032502293587     
          43          60  0.70444201119244099     
          44          81  0.96619771793484688     
          45          99  0.80865481868386269     
          45         124  0.56490842252969742     
          47         115   4.8695749137550592E-002
          48          58  0.39994432590901852     
          49          81  0.62047778628766537     
          50          80  0.91341538354754448     
          50         123  0.94505455344915390     
          51         117  0.77088749967515469     
          52          59  0.57808002457022667     
          52          88  0.39147161878645420     
          54          60  0.61120507307350636     
          54          83  0.52007730118930340     
          55          74  0.64253970049321651     
          56          77  0.11701924959197640     
          56         113  0.44294330291450024     
          56         125  0.43465392664074898     
          58          68  0.77420691959559917     
          58         120  0.43840627186000347     
          60          68   9.5133995637297630E-002
          60          76  0.38072608876973391     
          60          78  0.40426878258585930     
          62          75  0.67162648774683475     
          62         109  0.81059904769062996     
          63          73  0.61026015318930149     
          63         104  0.46201031655073166     
          64          66  0.14824979007244110     
          65          66  0.36945303436368704     
          66          74  0.59226243756711483     
          66         107  0.48048645257949829     
          66         111  0.29892369639128447     
          67          82  0.55267973802983761     
          67         104  0.21984789054840803     
          67         107  0.97458539530634880     
          69          71  0.28518098406493664     
          69         124   8.3280395483598113E-002
          70         125  0.21724358666688204     
          72          89  0.62329717911779881     
          72          94  0.48542763106524944     
          73         109  0.16565949190407991     
          73         120  0.22268530447036028     
          74         118  0.42220102623105049     
          74         123  0.83987163379788399     
          75         104  0.90427193790674210     
          76          92  0.32686279155313969     
          77          84  0.94014871865510941     
          77          95  0.34698050003498793     
          77         104   2.9532497865147889E-002
          77         108  0.17692254623398185     
          79          93  0.62823272310197353     
          80          81  0.20723978523164988     
          81          90  0.97920857369899750     
          81         107   1.2654099555220455E-002
          82         122  0.55552129633724689     
          83          85   9.3742000171914697E-002
          83          96  0.16217884840443730     
          84          84   2.8078298782929778E-002
          84         116  0.19863198976963758     
          84         118  0.68580307997763157     
          90         111  0.31085759401321411     
          95         103  0.91087510809302330     
          96         103  0.59830662794411182     
          97         116  0.97273439168930054     
          98         119  0.48691085539758205     
          99         116  0.48582348972558975     
         105         108  0.86973998695611954     
         110         113  0.56406515650451183     
         115         120  0.67524705082178116     
         116         122  0.65755257382988930     
