           2          36  0.55324397981166840     
           2         111  0.39126188494265079     
           2         121  0.37604989483952522     
           3          50  0.55154827423393726     
           3          92  0.13186290161684155     
           5          98  0.43670036830008030     
           6          46  0.89995311573147774     
           6          68  0.31259208917617798     
           7          64  0.63875350169837475     
           7          76  0.72120446711778641     
           7          81  0.28717888053506613     
           8          24  0.14720970066264272     
           9          76  0.61554308049380779     
           9         118  0.67848386242985725     
          10          80  0.17839639913290739     
          12         104  0.54930839687585831     
          15          58   5.9560796944424510E-002
          17         106  0.23911308962851763     
          18         118  0.78222109004855156     
          19          31  0.71901567280292511     
          20          39  0.29022078961133957     
          22          68  0.70015438832342625     
          23          37  0.37977138999849558     
          27          31  0.23500358220189810     
          27          38  0.27762108948081732     
          27          50   4.0513899875804782E-002
          29         102  0.61779427342116833     
          31          93  0.25116049218922853     
          33         105  0.52317068912088871     
          33         119  0.25376400444656610     
          34          44  0.27500099968165159     
          34          68  0.24816968943923712     
          37          69  0.19163870019838214     
          37          98  0.85099823772907257     
          39          77  0.18667340045794845     
          39         117   7.4027496157214046E-002
          39         118  0.18004509620368481     
          40         116   3.6051697679795325E-002
          47         115   9.7391498275101185E-002
          48          58  0.79988865181803703     
          52          88  0.78294323757290840     
          56          77  0.23403849918395281     
          56         113  0.88588660582900047     
          56         125  0.86930785328149796     
          58         120  0.87681254372000694     
          60          68  0.19026799127459526     
          60          76  0.76145217753946781     
          60          78  0.80853756517171860     
          63         104  0.92402063310146332     
          64          66  0.29649958014488220     
          65          66  0.73890606872737408     
          66         107  0.96097290515899658     
          66         111  0.59784739278256893     
          67         104  0.43969578109681606     
          69          71  0.57036196812987328     
          69         124  0.16656079096719623     
          70         125  0.43448717333376408     
          72          94  0.97085526213049889     
          73         109  0.33131898380815983     
          73         120  0.44537060894072056     
          74         118  0.84440205246210098     
          76          92  0.65372558310627937     
          77          95  0.69396100006997585     
          77         104   5.9064995730295777E-002
          77         108  0.35384509246796370     
          80          81  0.41447957046329975     
          81         107   2.5308199110440910E-002
          83          85  0.18748400034382939     
          83          96  0.32435769680887461     
          84          84   5.6156597565859556E-002
          84         116  0.39726397953927517     
          90         111  0.62171518802642822     
          98         119  0.97382171079516411     
          99         116  0.97164697945117950     
