  random matrices with different degrees of filling 
  please give a random fraction, between zero and 1
  random_fraction, scalefactor =   0.50000000000000000        2.0000000000000000     
  please give the matrix dimension 
  matrix will have dimension           25  x           25
           1           2  0.64601761102676392     
           1           3  0.80220788717269897     
           1           4  0.91851902008056641     
           1           5  0.78053915500640869     
           1          14  0.53706109523773193     
           1          15  0.21798424422740936     
           1          17  0.67911070585250854     
           1          18  0.55156183242797852     
           1          25   5.5636063218116760E-002
           2           6  0.35651367902755737     
           2           8  0.29440516233444214     
           2           9  0.92438459396362305     
           2          12  0.73629820346832275     
           2          13  0.40282690525054932     
           2          14   3.8961492478847504E-002
           2          15  0.59699749946594238     
           2          16  0.17539666593074799     
           2          18  0.23553207516670227     
           2          21  0.31974571943283081     
           2          22  0.32729476690292358     
           2          24  0.49201714992523193     
           2          25  0.45284181833267212     
           3           4   7.9907380044460297E-002
           3           6  0.62585067749023438     
           3           7  0.40054544806480408     
           3           9  0.77344244718551636     
           3          13   4.4240951538085938E-002
           3          16  0.98728775978088379     
           3          18   2.5078698992729187E-002
           3          21  0.11193908751010895     
           3          22  0.21731537580490112     
           3          25  0.18709358572959900     
           4           4   9.8719991743564606E-002
           4           5  0.89242881536483765     
           4           7  0.31053012609481812     
           4           8  0.81604349613189697     
           4           9  0.87712073326110840     
           4          16  0.92128437757492065     
           4          17  0.28800269961357117     
           4          23  0.29088780283927917     
           4          25  0.70630806684494019     
           5           5  0.30987641215324402     
           5           6  0.97580665349960327     
           5           7  0.13681207597255707     
           5           8  0.43719461560249329     
           5           9  0.61253869533538818     
           5          10   9.2155877500772476E-003
           5          12  0.34760901331901550     
           5          16  0.13989284634590149     
           5          18  0.68198949098587036     
           5          22  0.46816903352737427     
           6           8  0.28097972273826599     
           6          14  0.20809978246688843     
           6          15  0.37943816184997559     
           6          18  0.92807167768478394     
           6          20  0.94440871477127075     
           6          21  0.90624636411666870     
           6          22  0.13405403494834900     
           7           8  0.10041581839323044     
           7           9  0.39651843905448914     
           7          10  0.93071705102920532     
           7          12  0.92995893955230713     
           7          15  0.41949319839477539     
           7          16  0.50595140457153320     
           7          18  0.79148733615875244     
           7          20  0.32686990499496460     
           7          21  0.79196518659591675     
           7          24  0.84377729892730713     
           8          10  0.94974929094314575     
           8          13   1.1064879596233368E-002
           8          14   3.9477020502090454E-002
           8          18  0.61261391639709473     
           8          19  0.44018757343292236     
           8          20  0.57574927806854248     
           8          24  0.35285407304763794     
           9          10  0.56907910108566284     
           9          12  0.19045241177082062     
           9          13  0.42422953248023987     
           9          17  0.56816190481185913     
           9          21  0.90493172407150269     
           9          23  0.38278156518936157     
          10          11  0.71219736337661743     
          10          12  0.68031030893325806     
          10          20  0.31549894809722900     
          10          22  0.96021682024002075     
          10          23  0.50841569900512695     
          10          25  0.22380322217941284     
          11          14  0.76319807767868042     
          11          16  0.99441564083099365     
          11          23   7.0609711110591888E-002
          11          24  0.27822911739349365     
          12          14  0.21300870180130005     
          12          15  0.75077539682388306     
          12          19  0.62948083877563477     
          12          20  0.34527584910392761     
          12          22  0.55500382184982300     
          13          13   7.8252376988530159E-003
          13          15  0.13383676111698151     
          13          17  0.28348487615585327     
          13          19  0.22096003592014313     
          13          20  0.31217187643051147     
          13          23   7.5209978967905045E-003
          13          25  0.46730157732963562     
          14          14  0.57946872711181641     
          14          16   3.1451694667339325E-002
          14          18  0.44254690408706665     
          14          19  0.97806471586227417     
          14          22  0.17605577409267426     
          14          24  0.60777312517166138     
          15          15  0.90984886884689331     
          15          17   4.1255887597799301E-002
          15          18  0.97794002294540405     
          15          20  0.98352789878845215     
          15          21  0.68224376440048218     
          16          16  0.89186507463455200     
          16          18  0.30114087462425232     
          16          19  0.24677740037441254     
          16          21  0.92561286687850952     
          16          22  0.27434396743774414     
          16          23  0.37348267436027527     
          16          24  0.99028027057647705     
          17          18  0.62830865383148193     
          17          22  0.51374793052673340     
          17          23  0.18486453592777252     
          17          25  0.91711467504501343     
          18          20  0.13713873922824860     
          18          22  0.44440603256225586     
          18          23  0.65389996767044067     
          18          25   1.1030965484678745E-002
          19          20  0.38374257087707520     
          19          23   9.3818910419940948E-002
          19          25   3.4330647438764572E-002
          20          20  0.53095877170562744     
          20          24  0.18294407427310944     
          21          22   4.1504941880702972E-002
          22          23  0.41864126920700073     
          22          24  0.53353399038314819     
          22          25  0.56353306770324707     
          23          24  0.67121279239654541     
          23          25  0.66635984182357788     
          24          25  0.88967001438140869     
          25          25  0.65363413095474243     
